function out = find_M( x,step,t )
Q_des=[0,0
1.000000e-03,-7.783019e-02
1.100000e-03,-7.783019e-02
1.200000e-03,-7.783019e-02
1.300000e-03,-7.783019e-02
1.400000e-03,-7.783019e-02
1.500000e-03,-7.783019e-02
1.600000e-03,-7.783019e-02
1.700000e-03,-7.783019e-02
1.800000e-03,-7.783019e-02
1.900000e-03,-7.783019e-02
2.000000e-03,-7.783019e-02
2.100000e-03,-5.994497e-02
2.200000e-03,-5.994497e-02
2.300000e-03,-4.205975e-02
2.400000e-03,-4.205975e-02
2.500000e-03,-4.205975e-02
2.600000e-03,-4.205975e-02
2.700000e-03,-4.205975e-02
2.800000e-03,-4.205975e-02
2.900000e-03,-2.417453e-02
3.000000e-03,-2.417453e-02
3.100000e-03,-6.289308e-03
3.200000e-03,-6.289308e-03
3.300000e-03,-6.289308e-03
3.400000e-03,-6.289308e-03
3.500000e-03,1.159591e-02
3.600000e-03,2.948113e-02
3.700000e-03,2.948113e-02
3.800000e-03,2.948113e-02
3.900000e-03,4.736635e-02
4.000000e-03,4.736635e-02
4.100000e-03,6.525157e-02
4.200000e-03,6.525157e-02
4.300000e-03,8.313679e-02
4.400000e-03,8.313679e-02
4.500000e-03,1.189072e-01
4.600000e-03,1.189072e-01
4.700000e-03,1.367925e-01
4.800000e-03,1.546777e-01
4.900000e-03,1.725629e-01
5.000000e-03,1.725629e-01
5.100000e-03,1.904481e-01
5.200000e-03,2.083333e-01
5.300000e-03,2.262186e-01
5.400000e-03,2.441038e-01
5.500000e-03,2.619890e-01
5.600000e-03,2.798742e-01
5.700000e-03,2.977594e-01
5.800000e-03,3.156447e-01
5.900000e-03,3.335299e-01
6.000000e-03,3.693003e-01
6.100000e-03,3.693003e-01
6.200000e-03,4.050708e-01
6.300000e-03,4.229560e-01
6.400000e-03,4.408412e-01
6.500000e-03,4.766116e-01
6.600000e-03,5.123821e-01
6.700000e-03,5.123821e-01
6.800000e-03,5.481525e-01
6.900000e-03,6.196934e-01
7.000000e-03,6.554638e-01
7.100000e-03,6.912343e-01
7.200000e-03,7.091195e-01
7.300000e-03,7.448899e-01
7.400000e-03,7.806604e-01
7.500000e-03,8.164308e-01
7.600000e-03,8.522013e-01
7.700000e-03,8.879717e-01
7.800000e-03,9.237421e-01
7.900000e-03,9.773978e-01
8.000000e-03,1.013168e+00
8.100000e-03,1.048939e+00
8.200000e-03,1.102594e+00
8.300000e-03,1.138365e+00
8.400000e-03,1.174135e+00
8.500000e-03,1.245676e+00
8.600000e-03,1.281447e+00
8.700000e-03,1.317217e+00
8.800000e-03,1.388758e+00
8.900000e-03,1.424528e+00
9.000000e-03,1.478184e+00
9.100000e-03,1.531840e+00
9.200000e-03,1.639151e+00
9.300000e-03,1.710692e+00
9.400000e-03,1.764347e+00
9.500000e-03,1.818003e+00
9.600000e-03,1.871659e+00
9.700000e-03,1.943200e+00
9.800000e-03,2.014741e+00
9.900000e-03,2.086281e+00
1.000000e-02,2.157822e+00
1.010000e-02,2.229363e+00
1.020000e-02,2.300904e+00
1.030000e-02,2.372445e+00
1.040000e-02,2.443986e+00
1.050000e-02,2.515527e+00
1.060000e-02,2.604953e+00
1.070000e-02,2.676494e+00
1.080000e-02,2.783805e+00
1.090000e-02,2.873231e+00
1.100000e-02,3.034198e+00
1.100000e-02,1.442414e+00
1.110000e-02,3.034198e+00
1.110000e-02,1.889544e+00
1.110000e-02,7.448899e-01
1.110000e-02,-3.997642e-01
1.110000e-02,-1.544418e+00
1.110000e-02,-2.903695e+00
1.120000e-02,2.032626e+00
1.120000e-02,8.879717e-01
1.120000e-02,-2.566824e-01
1.120000e-02,-1.401336e+00
1.120000e-02,-2.850039e+00
1.130000e-02,-1.830582e+00
1.140000e-02,-2.957351e+00
1.150000e-02,-2.867925e+00
1.160000e-02,-2.689072e+00
1.170000e-02,-2.617531e+00
1.180000e-02,-2.510220e+00
1.190000e-02,-2.438679e+00
1.200000e-02,-2.367138e+00
1.210000e-02,-2.277712e+00
1.220000e-02,-2.206171e+00
1.230000e-02,-2.134631e+00
1.240000e-02,-2.063090e+00
1.250000e-02,-1.991549e+00
1.260000e-02,-1.920008e+00
1.270000e-02,-1.848467e+00
1.280000e-02,-1.794811e+00
1.290000e-02,-1.723270e+00
1.300000e-02,-1.669615e+00
1.310000e-02,-1.615959e+00
1.320000e-02,-1.544418e+00
1.330000e-02,-1.490763e+00
1.340000e-02,-1.437107e+00
1.350000e-02,-1.383451e+00
1.360000e-02,-1.329796e+00
1.370000e-02,-1.294025e+00
1.380000e-02,-1.222484e+00
1.390000e-02,-1.186714e+00
1.400000e-02,-1.079403e+00
1.410000e-02,-1.043632e+00
1.420000e-02,-9.899764e-01
1.430000e-02,-9.363208e-01
1.440000e-02,-9.005503e-01
1.450000e-02,-8.468947e-01
1.460000e-02,-8.111242e-01
1.470000e-02,-7.574686e-01
1.480000e-02,-7.216981e-01
1.490000e-02,-6.859277e-01
1.500000e-02,-6.322720e-01
1.510000e-02,-5.965016e-01
1.520000e-02,-5.428459e-01
1.530000e-02,-5.070755e-01
1.540000e-02,-4.713050e-01
1.550000e-02,-4.355346e-01
1.560000e-02,-3.818789e-01
1.570000e-02,-3.461085e-01
1.580000e-02,-3.103381e-01
1.590000e-02,-2.566824e-01
1.600000e-02,-2.209119e-01
1.610000e-02,-1.851415e-01
1.620000e-02,-1.493711e-01
1.630000e-02,-5.994497e-02
1.640000e-02,-2.417453e-02
1.650000e-02,2.948113e-02
1.660000e-02,6.525157e-02
1.670000e-02,1.010220e-01
1.680000e-02,1.546777e-01
1.690000e-02,1.904481e-01
1.700000e-02,2.441038e-01
1.710000e-02,2.798742e-01
1.720000e-02,3.156447e-01
1.730000e-02,3.693003e-01
1.740000e-02,4.229560e-01
1.750000e-02,4.587264e-01
1.760000e-02,4.944969e-01
1.770000e-02,5.660377e-01
1.780000e-02,6.018082e-01
1.790000e-02,6.375786e-01
1.800000e-02,7.091195e-01
1.810000e-02,7.448899e-01
1.820000e-02,7.806604e-01
1.830000e-02,8.522013e-01
1.840000e-02,8.879717e-01
1.850000e-02,9.595126e-01
1.860000e-02,9.952830e-01
1.870000e-02,1.120480e+00
1.880000e-02,1.174135e+00
1.890000e-02,1.227791e+00
1.900000e-02,1.281447e+00
1.910000e-02,1.352987e+00
1.920000e-02,1.406643e+00
1.930000e-02,1.478184e+00
1.940000e-02,1.531840e+00
1.950000e-02,1.585495e+00
1.960000e-02,1.657036e+00
1.970000e-02,1.728577e+00
1.980000e-02,1.800118e+00
1.990000e-02,1.871659e+00
2.000000e-02,1.943200e+00
2.010000e-02,2.014741e+00
2.020000e-02,2.086281e+00
2.030000e-02,2.157822e+00
2.040000e-02,2.247248e+00
2.050000e-02,2.318789e+00
2.060000e-02,2.426101e+00
2.070000e-02,2.497642e+00
2.080000e-02,2.587068e+00
2.090000e-02,2.676494e+00
2.100000e-02,2.873231e+00
2.110000e-02,2.926887e+00
2.120000e-02,3.105739e+00
2.120000e-02,1.961085e+00
2.120000e-02,8.164308e-01
2.120000e-02,-3.282233e-01
2.120000e-02,-1.490763e+00
2.130000e-02,3.105739e+00
2.130000e-02,1.961085e+00
2.130000e-02,8.164308e-01
2.130000e-02,-3.282233e-01
2.130000e-02,-1.472877e+00
2.130000e-02,-2.850039e+00
2.140000e-02,-3.639937e-01
2.140000e-02,-1.508648e+00
2.140000e-02,-2.867925e+00
2.150000e-02,-2.903695e+00
2.160000e-02,-2.814269e+00
2.170000e-02,-2.706958e+00
2.180000e-02,-2.617531e+00
2.190000e-02,-2.528105e+00
2.200000e-02,-2.438679e+00
2.210000e-02,-2.349253e+00
2.220000e-02,-2.259827e+00
2.230000e-02,-2.188286e+00
2.240000e-02,-2.098860e+00
2.250000e-02,-2.027319e+00
2.260000e-02,-1.955778e+00
2.270000e-02,-1.884237e+00
2.280000e-02,-1.812697e+00
2.290000e-02,-1.741156e+00
2.300000e-02,-1.669615e+00
2.310000e-02,-1.598074e+00
2.320000e-02,-1.526533e+00
2.330000e-02,-1.454992e+00
2.340000e-02,-1.347681e+00
2.350000e-02,-1.276140e+00
2.360000e-02,-1.222484e+00
2.370000e-02,-1.150943e+00
2.380000e-02,-1.097288e+00
2.390000e-02,-1.043632e+00
2.400000e-02,-9.720912e-01
2.410000e-02,-9.363208e-01
2.420000e-02,-8.647799e-01
2.430000e-02,-8.111242e-01
2.440000e-02,-7.574686e-01
2.450000e-02,-7.038129e-01
2.460000e-02,-6.501572e-01
2.470000e-02,-5.786164e-01
2.480000e-02,-5.249607e-01
2.490000e-02,-4.713050e-01
2.500000e-02,-4.176494e-01
2.510000e-02,-3.639937e-01
2.520000e-02,-2.924528e-01
2.530000e-02,-2.566824e-01
2.540000e-02,-1.851415e-01
2.550000e-02,-1.314858e-01
2.560000e-02,-7.783019e-02
2.570000e-02,-6.289308e-03
2.580000e-02,1.010220e-01
2.590000e-02,1.546777e-01
2.600000e-02,2.083333e-01
2.610000e-02,2.798742e-01
2.620000e-02,3.335299e-01
2.630000e-02,3.871855e-01
2.640000e-02,4.587264e-01
2.650000e-02,5.123821e-01
2.660000e-02,5.660377e-01
2.670000e-02,6.375786e-01
2.680000e-02,6.912343e-01
2.690000e-02,7.627752e-01
2.700000e-02,8.164308e-01
2.710000e-02,8.700865e-01
2.720000e-02,9.416274e-01
2.730000e-02,1.013168e+00
2.740000e-02,1.084709e+00
2.750000e-02,1.138365e+00
2.760000e-02,1.192020e+00
2.770000e-02,1.263561e+00
